0,535
0,534
42,2
43,6
43,2
0,533
0,532
0,531
0,243
0,388
35,5
35,4
0,530
0,474
33,5
46,35
41,7
41,8
10,302
10,112
10,311
10,193
10,244
10,94
10,77
11,21
11,8
11,6
11,10
11,7
11,22
9,5
8,4
8,9
8,18
43,11
43,10
43,9
43,8
43,7
43,5
43,4
43,3
43,1
42,5
42,4
42,3
42,1
41,78
41,77
41,76
41,75
41,74
41,73
41,72
41,71
41,70
41,69
41,68
41,67
41,66
41,65
41,64
41,37
41,36
41,35
41,5
41,1
41,4
41,3
41,2
41,0
39,5
39,3
39,1
38,4
38,3
38,1
37,4
37,3
37,1
36,5
36,4
36,3
36,1
35,3
35,1
34,4
34,3
34,1
33,4
33,3
33,1
32,4
32,3
32,1
20,3
20,2
20,1
19,3
19,2
19,1
14,5
12,3
12,2
12,1
11,24
11,23
11,19
11,16
11,14
11,4
11,3
11,2
11,1
10,290
10,273
10,262
10,261
18,1
